NodeView(('BLK_0_1', 'BLK_0_2', 'BLK_1_0', 'BLK_1_1', 'BLK_1_2', 'BLK_1_3', 'BLK_2_0', 'BLK_2_1', 'BLK_2_2', 'BLK_2_3', 'BLK_3_1', 'BLK_3_2'))
matrix([[0, 1, 1, 1, 1, 2, 2, 2, 2, 3, 3, 3],
        [1, 0, 2, 2, 1, 1, 3, 3, 2, 2, 3, 3],
        [1, 2, 0, 0, 2, 3, 1, 1, 2, 3, 2, 3],
        [1, 1, 2, 0, 0, 2, 2, 1, 1, 2, 2, 2],
        [2, 1, 3, 2, 0, 0, 3, 2, 1, 1, 3, 2],
        [2, 1, 3, 2, 0, 0, 3, 2, 1, 1, 3, 2],
        [2, 3, 1, 1, 2, 3, 0, 0, 2, 3, 1, 2],
        [2, 2, 2, 1, 1, 2, 2, 0, 0, 2, 1, 1],
        [3, 2, 3, 2, 1, 1, 3, 2, 0, 0, 2, 1],
        [3, 2, 3, 3, 1, 1, 3, 2, 0, 0, 2, 1],
        [3, 3, 2, 2, 2, 3, 1, 0, 1, 2, 0, 1],
        [3, 3, 3, 2, 2, 2, 2, 1, 0, 1, 1, 0]], dtype=int64)
NodeView(('n9', 'out:and_latch^out', 'and_latch^a_in', 'and_latch^b_in'))
matrix([[0, 1, 0, 0],
        [0, 0, 0, 0],
        [1, 0, 0, 0],
        [1, 0, 0, 0]], dtype=int64)
array([[0, 1, 0, 0, 0, 0, 0, 0, 0, 0, 0, 0],
       [0, 0, 0, 0, 0, 0, 0, 0, 0, 0, 0, 0],
       [1, 0, 0, 0, 0, 0, 0, 0, 0, 0, 0, 0],
       [1, 0, 0, 0, 0, 0, 0, 0, 0, 0, 0, 0],
       [0, 0, 0, 0, 0, 0, 0, 0, 0, 0, 0, 0],
       [0, 0, 0, 0, 0, 0, 0, 0, 0, 0, 0, 0],
       [0, 0, 0, 0, 0, 0, 0, 0, 0, 0, 0, 0],
       [0, 0, 0, 0, 0, 0, 0, 0, 0, 0, 0, 0],
       [0, 0, 0, 0, 0, 0, 0, 0, 0, 0, 0, 0],
       [0, 0, 0, 0, 0, 0, 0, 0, 0, 0, 0, 0],
       [0, 0, 0, 0, 0, 0, 0, 0, 0, 0, 0, 0],
       [0, 0, 0, 0, 0, 0, 0, 0, 0, 0, 0, 0]], dtype=int64)
Embedding Matrix:
array([[0., 0., 0., 0., 0., 0., 0., 0., 1., 0., 0., 0.],
       [0., 0., 0., 0., 0., 0., 0., 0., 0., 1., 0., 0.],
       [0., 0., 0., 0., 0., 0., 0., 0., 0., 0., 1., 0.],
       [0., 0., 0., 0., 0., 0., 0., 0., 0., 0., 0., 1.],
       [0., 1., 0., 0., 0., 0., 0., 0., 0., 0., 0., 0.],
       [0., 0., 0., 0., 1., 0., 0., 0., 0., 0., 0., 0.],
       [0., 0., 0., 0., 0., 0., 0., 1., 0., 0., 0., 0.],
       [1., 0., 0., 0., 0., 0., 0., 0., 0., 0., 0., 0.],
       [0., 0., 1., 0., 0., 0., 0., 0., 0., 0., 0., 0.],
       [0., 0., 0., 0., 0., 0., 1., 0., 0., 0., 0., 0.],
       [0., 0., 0., 0., 0., 1., 0., 0., 0., 0., 0., 0.],
       [0., 0., 0., 1., 0., 0., 0., 0., 0., 0., 0., 0.]])
Energy:  1.0
Broken rules:
{}
